No Edges | No elitism | All 20 children from 3 parent crossover | 
======================================================================

|Iteration    |Turbine Count     |Fitness Value
|0      |0    |1.7976931348623157E308   |
|0      |521    |6.339145270381134E-4   |
|0      |537    |6.297958652002415E-4   |
|0      |538    |6.260015593313182E-4   |
|0      |538    |6.260015593313182E-4   |
|0      |538    |6.260015593313182E-4   |
|0      |538    |6.260015593313182E-4   |
|0      |538    |6.260015593313182E-4   |
|0      |538    |6.260015593313182E-4   |
|0      |538    |6.260015593313182E-4   |
|0      |538    |6.260015593313182E-4   |
|0      |538    |6.260015593313182E-4   |
|0      |538    |6.260015593313182E-4   |
|0      |538    |6.260015593313182E-4   |
|0      |538    |6.260015593313182E-4   |
|0      |538    |6.260015593313182E-4   |
|0      |538    |6.260015593313182E-4   |
|0      |538    |6.260015593313182E-4   |
|0      |538    |6.260015593313182E-4   |
|0      |538    |6.260015593313182E-4   |
|0      |538    |6.260015593313182E-4   |
|0      |0    |1.7976931348623157E308   |
|0      |549    |6.286032496241919E-4   |
|0      |549    |6.286032496241919E-4   |
|0      |549    |6.286032496241919E-4   |
|0      |535    |6.268046370716323E-4   |
No Edges | No elitism | All 20 children from 3 parent crossover | 
======================================================================

|Iteration    |Turbine Count     |Fitness Value
|0      |0    |1.7976931348623157E308   |
|0      |700    |6.052935980580538E-4   |
|0      |712    |6.039530530887911E-4   |
|0      |718    |6.015570764592385E-4   |
|0      |718    |6.015570764592385E-4   |
|0      |718    |6.015570764592385E-4   |
No Edges | No elitism | All 20 children from 3 parent crossover | 
======================================================================

|Iteration    |Turbine Count     |Fitness Value
|0      |0    |1.7976931348623157E308   |
|0      |647    |6.117442910553448E-4   |
|0      |647    |6.117442910553448E-4   |
|0      |666    |6.097259302846623E-4   |
|0      |654    |6.087280209821538E-4   |
|0      |654    |6.087280209821538E-4   |
|0      |654    |6.087280209821538E-4   |
|0      |654    |6.087280209821538E-4   |
|0      |654    |6.087280209821538E-4   |
|0      |654    |6.087280209821538E-4   |
|0      |654    |6.087280209821538E-4   |
|0      |654    |6.087280209821538E-4   |
|0      |654    |6.087280209821538E-4   |
|0      |654    |6.087280209821538E-4   |
|0      |654    |6.087280209821538E-4   |
|0      |654    |6.087280209821538E-4   |
|0      |654    |6.071208437002894E-4   |
|0      |654    |6.071208437002894E-4   |
No Edges | No elitism | All 20 children from 3 parent crossover | 
======================================================================

|Iteration    |Turbine Count     |Fitness Value
|0      |0    |1.7976931348623157E308   |
|0      |537    |6.269693176211786E-4   |
|0      |537    |6.269693176211786E-4   |
|0      |537    |6.269693176211786E-4   |
|0      |537    |6.269693176211786E-4   |
|0      |537    |6.269693176211786E-4   |
|0      |537    |6.269693176211786E-4   |
|0      |537    |6.269693176211786E-4   |
|0      |537    |6.269693176211786E-4   |
|0      |537    |6.269693176211786E-4   |
|0      |537    |6.269693176211786E-4   |
|0      |537    |6.269693176211786E-4   |
|0      |537    |6.269693176211786E-4   |
|0      |562    |6.233949590759888E-4   |
|0      |562    |6.233949590759888E-4   |
|0      |562    |6.233949590759888E-4   |
|0      |562    |6.233949590759888E-4   |
|0      |562    |6.233949590759888E-4   |
|0      |562    |6.233949590759888E-4   |
|0      |562    |6.233949590759888E-4   |
|0      |562    |6.233949590759888E-4   |
|0      |0    |1.7976931348623157E308   |
|0      |576    |6.243010056166057E-4   |
|0      |576    |6.243010056166057E-4   |
|0      |561    |6.224322841346457E-4   |
|0      |564    |6.220794572425519E-4   |
|0      |564    |6.220794572425519E-4   |
|0      |564    |6.220794572425519E-4   |
|0      |564    |6.220794572425519E-4   |
|0      |589    |6.194628654495272E-4   |
|0      |589    |6.194628654495272E-4   |
|0      |589    |6.194628654495272E-4   |
|0      |589    |6.194628654495272E-4   |
|0      |589    |6.194628654495272E-4   |
|0      |589    |6.194628654495272E-4   |
|0      |594    |6.177344758110604E-4   |
|0      |599    |6.163233209285173E-4   |
|0      |599    |6.163233209285173E-4   |
|0      |599    |6.163233209285173E-4   |
|0      |599    |6.163233209285173E-4   |
|0      |599    |6.163233209285173E-4   |
|0      |599    |6.163233209285173E-4   |
|0      |0    |1.7976931348623157E308   |
|0      |621    |6.148255423744854E-4   |
|0      |621    |6.148255423744854E-4   |
|0      |621    |6.148255423744854E-4   |
|0      |621    |6.148255423744854E-4   |
|0      |621    |6.148255423744854E-4   |
|0      |621    |6.148255423744854E-4   |
|0      |621    |6.148255423744854E-4   |
|0      |621    |6.148255423744854E-4   |
|0      |621    |6.148255423744854E-4   |
|0      |621    |6.148255423744854E-4   |
|0      |621    |6.148255423744854E-4   |
|0      |621    |6.148255423744854E-4   |
|0      |621    |6.148255423744854E-4   |
|0      |621    |6.148255423744854E-4   |
|0      |621    |6.148255423744854E-4   |
|0      |621    |6.148255423744854E-4   |
|0      |621    |6.148255423744854E-4   |
|0      |621    |6.148255423744854E-4   |
|0      |621    |6.148255423744854E-4   |
|1      |621    |6.148255423744854E-4   |
No Edges | No elitism | All 20 children from 3 parent crossover | 
======================================================================

|Iteration    |Turbine Count     |Fitness Value
No Edges | No elitism | All 20 children from 3 parent crossover | 
======================================================================

|Iteration    |Turbine Count     |Fitness Value
|0      |0    |1.7976931348623157E308   |
|0      |500    |6.362583711594247E-4   |
|0      |531    |6.300695870772484E-4   |
|0      |531    |6.300695870772484E-4   |
|0      |533    |6.286526767580187E-4   |
|0      |533    |6.286526767580187E-4   |
|0      |533    |6.286526767580187E-4   |
|0      |533    |6.286526767580187E-4   |
|0      |533    |6.286526767580187E-4   |
|0      |533    |6.286526767580187E-4   |
|0      |533    |6.286526767580187E-4   |
|0      |533    |6.286526767580187E-4   |
|0      |533    |6.286526767580187E-4   |
|0      |533    |6.286526767580187E-4   |
|0      |533    |6.286526767580187E-4   |
|0      |533    |6.286526767580187E-4   |
|0      |535    |6.284119650164196E-4   |
|0      |535    |6.284119650164196E-4   |
|0      |535    |6.284119650164196E-4   |
|0      |535    |6.284119650164196E-4   |
|0      |535    |6.284119650164196E-4   |
|0      |0    |1.7976931348623157E308   |
|0      |569    |6.215030535448827E-4   |
|0      |569    |6.215030535448827E-4   |
|0      |569    |6.215030535448827E-4   |
|0      |567    |6.213568199580999E-4   |
|0      |567    |6.213568199580999E-4   |
|0      |567    |6.213568199580999E-4   |
No Edges | No elitism | All 20 children from 3 parent crossover | 
======================================================================

|Iteration    |Turbine Count     |Fitness Value
No Edges | No elitism | All 20 children from 3 parent crossover | 
======================================================================

|Iteration    |Turbine Count     |Fitness Value
No Edges | No elitism | All 20 children from 3 parent crossover | 
======================================================================

|Iteration    |Turbine Count     |Fitness Value
No Edges | No elitism | All 20 children from 3 parent crossover | 
======================================================================

|Iteration    |Turbine Count     |Fitness Value
|0      |0    |1.7976931348623157E308   |
|0      |504    |6.380876112901454E-4   |
|0      |524    |6.3457583013068E-4   |
|0      |520    |6.342999772922264E-4   |
|0      |520    |6.342999772922264E-4   |
|0      |508    |6.321818315402008E-4   |
|0      |508    |6.321818315402008E-4   |
|0      |550    |6.289909101073179E-4   |
|0      |550    |6.289909101073179E-4   |
|0      |550    |6.289909101073179E-4   |
|0      |550    |6.289909101073179E-4   |
|0      |550    |6.289909101073179E-4   |
|0      |550    |6.289909101073179E-4   |
No Edges | No elitism | All 20 children from 3 parent crossover | 
======================================================================

|Iteration    |Turbine Count     |Fitness Value
No Edges | No elitism | All 20 children from 3 parent crossover | 
======================================================================

|Iteration    |Turbine Count     |Fitness Value
|0      |0    |1.7976931348623157E308   |
|0      |519    |6.362388419295481E-4   |
|0      |519    |6.362388419295481E-4   |
|0      |560    |6.234365890588544E-4   |
|0      |560    |6.234365890588544E-4   |
|0      |560    |6.234365890588544E-4   |
|0      |560    |6.234365890588544E-4   |
|0      |560    |6.234365890588544E-4   |
|0      |560    |6.234365890588544E-4   |
|0      |611    |6.176931117966652E-4   |
|0      |679    |6.072821673688087E-4   |
|0      |679    |6.072821673688087E-4   |
|0      |679    |6.072821673688087E-4   |
|0      |679    |6.072821673688087E-4   |
|0      |679    |6.072821673688087E-4   |
|0      |679    |6.072821673688087E-4   |
No Edges | No elitism | All 20 children from 3 parent crossover | 
======================================================================

|Iteration    |Turbine Count     |Fitness Value
No Edges | No elitism | All 20 children from 3 parent crossover | 
======================================================================

|Iteration    |Turbine Count     |Fitness Value
|0      |0    |1.7976931348623157E308   |
|0      |0    |1.7976931348623157E308   |
|0      |1029    |5.968336654595798E-4   |
|0      |1029    |5.968336654595798E-4   |
|0      |1029    |5.968336654595798E-4   |
|0      |1029    |5.968336654595798E-4   |
|0      |1029    |5.968336654595798E-4   |
|0      |1029    |5.968336654595798E-4   |
No Edges | No elitism | All 20 children from 3 parent crossover | 
======================================================================

|Iteration    |Turbine Count     |Fitness Value
|0      |0    |1.7976931348623157E308   |
|0      |487    |6.454879512079148E-4   |
|0      |506    |6.346057913317076E-4   |
|0      |506    |6.346057913317076E-4   |
|0      |506    |6.346057913317076E-4   |
|0      |506    |6.346057913317076E-4   |
|0      |506    |6.346057913317076E-4   |
|0      |506    |6.346057913317076E-4   |
|0      |506    |6.346057913317076E-4   |
|0      |506    |6.346057913317076E-4   |
|0      |506    |6.346057913317076E-4   |
|0      |506    |6.346057913317076E-4   |
|0      |506    |6.346057913317076E-4   |
|0      |506    |6.346057913317076E-4   |
|0      |506    |6.346057913317076E-4   |
No Edges | No elitism | All 20 children from 3 parent crossover | 
======================================================================

|Iteration    |Turbine Count     |Fitness Value
|0      |0    |1.7976931348623157E308   |
No Edges | No elitism | All 20 children from 3 parent crossover | 
======================================================================

|Iteration    |Turbine Count     |Fitness Value
|0      |0    |1.7976931348623157E308   |
|0      |501    |6.39862054888886E-4   |
|0      |501    |6.39862054888886E-4   |
No Edges | No elitism | All 20 children from 3 parent crossover | 
======================================================================

|Iteration    |Turbine Count     |Fitness Value
No Edges | No elitism | All 20 children from 3 parent crossover | 
======================================================================

|Iteration    |Turbine Count     |Fitness Value
No Edges | No elitism | All 20 children from 3 parent crossover | 
======================================================================

|Iteration    |Turbine Count     |Fitness Value
|0      |0    |1.7976931348623157E308   |
|0      |550    |6.308580174074484E-4   |
|0      |532    |6.298544910007835E-4   |
|0      |532    |6.298544910007835E-4   |
|0      |532    |6.298544910007835E-4   |
|0      |532    |6.298544910007835E-4   |
|0      |532    |6.298544910007835E-4   |
|0      |532    |6.298544910007835E-4   |
|0      |532    |6.298544910007835E-4   |
|0      |532    |6.298544910007835E-4   |
|0      |532    |6.298544910007835E-4   |
|0      |537    |6.268075221920423E-4   |
|0      |607    |6.194227799314033E-4   |
|0      |630    |6.165498549283268E-4   |
|0      |678    |6.066878171823575E-4   |
|0      |678    |6.066878171823575E-4   |
|0      |712    |6.035494068719898E-4   |
|0      |718    |6.023255598729905E-4   |
|0      |740    |6.009144601581797E-4   |
|0      |742    |5.98878477019115E-4   |
|0      |801    |5.984795360385544E-4   |
|0      |0    |1.7976931348623157E308   |
|0      |649    |6.099430266058497E-4   |
|0      |748    |5.993758926986961E-4   |
|0      |748    |5.993758926986961E-4   |
|0      |748    |5.993758926986961E-4   |
|0      |748    |5.993758926986961E-4   |
|0      |748    |5.993758926986961E-4   |
|0      |748    |5.993758926986961E-4   |
|0      |748    |5.993758926986961E-4   |
|0      |748    |5.993758926986961E-4   |
|0      |748    |5.993758926986961E-4   |
|0      |748    |5.993758926986961E-4   |
|0      |748    |5.993758926986961E-4   |
|0      |748    |5.993758926986961E-4   |
|0      |779    |5.967535980864971E-4   |
|0      |779    |5.967535980864971E-4   |
|0      |779    |5.967535980864971E-4   |
|0      |779    |5.967535980864971E-4   |
|0      |779    |5.967535980864971E-4   |
No Edges | No elitism | All 20 children from 3 parent crossover | 
======================================================================

|Iteration    |Turbine Count     |Fitness Value
|0      |0    |1.7976931348623157E308   |
|0      |537    |6.262033559027538E-4   |
|0      |537    |6.262033559027538E-4   |
|0      |537    |6.262033559027538E-4   |
No Edges | No elitism | All 20 children from 3 parent crossover | 
======================================================================

|Iteration    |Turbine Count     |Fitness Value
|0      |0    |1.7976931348623157E308   |
|0      |500    |6.383925541391276E-4   |
|0      |502    |6.373609846078201E-4   |
|0      |520    |6.345653329948824E-4   |
|0      |520    |6.345653329948824E-4   |
|0      |520    |6.345653329948824E-4   |
|0      |523    |6.331660491912875E-4   |
|0      |534    |6.295350726222282E-4   |
|0      |534    |6.295350726222282E-4   |
|0      |534    |6.295350726222282E-4   |
|0      |534    |6.295350726222282E-4   |
|0      |534    |6.295350726222282E-4   |
|0      |582    |6.210054606701597E-4   |
|0      |618    |6.150716416172623E-4   |
|0      |663    |6.112091305703403E-4   |
|0      |684    |6.056107904324043E-4   |
|0      |684    |6.056107904324043E-4   |
|0      |741    |6.008491273409466E-4   |
|0      |741    |6.008491273409466E-4   |
|0      |745    |5.999458959075373E-4   |
|0      |745    |5.999458959075373E-4   |
|0      |0    |1.7976931348623157E308   |
|0      |716    |6.024761676000096E-4   |
|0      |716    |6.024761676000096E-4   |
|0      |716    |6.024761676000096E-4   |
|0      |740    |6.014318299031144E-4   |
|0      |771    |5.988546560660227E-4   |
|0      |771    |5.988546560660227E-4   |
|0      |771    |5.988546560660227E-4   |
|0      |771    |5.988546560660227E-4   |
No Edges | No elitism | All 20 children from 3 parent crossover | 
======================================================================

|Iteration    |Turbine Count     |Fitness Value
No Edges | No elitism | All 20 children from 3 parent crossover | 
======================================================================

|Iteration    |Turbine Count     |Fitness Value
|0      |0    |1.7976931348623157E308   |
|0      |499    |6.377632600983441E-4   |
|0      |499    |6.377632600983441E-4   |
|0      |499    |6.377632600983441E-4   |
|0      |499    |6.377632600983441E-4   |
|0      |531    |6.308839687533171E-4   |
|0      |531    |6.308839687533171E-4   |
|0      |531    |6.308839687533171E-4   |
|0      |531    |6.308839687533171E-4   |
|0      |531    |6.308839687533171E-4   |
|0      |531    |6.308839687533171E-4   |
|0      |582    |6.213016694445262E-4   |
|0      |582    |6.213016694445262E-4   |
|0      |618    |6.13680158548195E-4   |
|0      |668    |6.108617391720114E-4   |
|0      |696    |6.057186177779465E-4   |
|0      |707    |6.051933388162889E-4   |
|0      |731    |6.019061301936221E-4   |
|0      |731    |6.019061301936221E-4   |
|0      |731    |6.019061301936221E-4   |
|0      |773    |5.983355471978706E-4   |
|0      |0    |1.7976931348623157E308   |
|0      |776    |5.985083425321693E-4   |
|0      |776    |5.985083425321693E-4   |
|0      |776    |5.985083425321693E-4   |
|0      |776    |5.985083425321693E-4   |
|0      |776    |5.985083425321693E-4   |
|0      |776    |5.985083425321693E-4   |
|0      |776    |5.985083425321693E-4   |
|0      |776    |5.985083425321693E-4   |
|0      |776    |5.985083425321693E-4   |
No Edges | No elitism | All 20 children from 3 parent crossover | 
======================================================================

|Iteration    |Turbine Count     |Fitness Value
|0      |0    |1.7976931348623157E308   |
|0      |540    |6.318875959039586E-4   |
|0      |528    |6.313183352162449E-4   |
|0      |528    |6.313183352162449E-4   |
|0      |528    |6.313183352162449E-4   |
|0      |528    |6.313183352162449E-4   |
|0      |528    |6.313183352162449E-4   |
|0      |528    |6.313183352162449E-4   |
|0      |528    |6.313183352162449E-4   |
|0      |528    |6.313183352162449E-4   |
|0      |529    |6.296761815673245E-4   |
|0      |529    |6.296761815673245E-4   |
|0      |529    |6.296761815673245E-4   |
|0      |529    |6.296761815673245E-4   |
|0      |529    |6.296761815673245E-4   |
|0      |529    |6.296761815673245E-4   |
|0      |529    |6.296761815673245E-4   |
|0      |529    |6.296761815673245E-4   |
|0      |529    |6.296761815673245E-4   |
|0      |529    |6.296761815673245E-4   |
|0      |529    |6.296761815673245E-4   |
|0      |0    |1.7976931348623157E308   |
|0      |550    |6.275549148772554E-4   |
|0      |565    |6.208026103415535E-4   |
|0      |565    |6.208026103415535E-4   |
|0      |565    |6.208026103415535E-4   |
|0      |565    |6.208026103415535E-4   |
|0      |565    |6.208026103415535E-4   |
|0      |565    |6.208026103415535E-4   |
|0      |565    |6.208026103415535E-4   |
|0      |565    |6.208026103415535E-4   |
|0      |565    |6.208026103415535E-4   |
|0      |565    |6.208026103415535E-4   |
|0      |565    |6.208026103415535E-4   |
|0      |565    |6.208026103415535E-4   |
|0      |565    |6.208026103415535E-4   |
|0      |565    |6.208026103415535E-4   |
|0      |565    |6.208026103415535E-4   |
|0      |565    |6.208026103415535E-4   |
|0      |565    |6.208026103415535E-4   |
|0      |565    |6.208026103415535E-4   |
|0      |565    |6.208026103415535E-4   |
|0      |0    |1.7976931348623157E308   |
|0      |596    |6.150228628591949E-4   |
|0      |596    |6.150228628591949E-4   |
|0      |596    |6.150228628591949E-4   |
|0      |596    |6.150228628591949E-4   |
|0      |596    |6.150228628591949E-4   |
|0      |596    |6.150228628591949E-4   |
|0      |596    |6.150228628591949E-4   |
|0      |596    |6.150228628591949E-4   |
|0      |596    |6.150228628591949E-4   |
|0      |596    |6.150228628591949E-4   |
|0      |596    |6.150228628591949E-4   |
|0      |596    |6.150228628591949E-4   |
|0      |596    |6.150228628591949E-4   |
|0      |596    |6.150228628591949E-4   |
|0      |596    |6.150228628591949E-4   |
|0      |596    |6.150228628591949E-4   |
|0      |596    |6.150228628591949E-4   |
|0      |596    |6.150228628591949E-4   |
|0      |596    |6.150228628591949E-4   |
|1      |596    |6.150228628591949E-4   |
|0      |0    |6.179885020148219E-4   |
|0      |0    |6.179885020148219E-4   |
No Edges | No elitism | All 20 children from 3 parent crossover | 
======================================================================

|Iteration    |Turbine Count     |Fitness Value
|0      |0    |6.3353515267111E-4   |
|0      |0    |6.3353515267111E-4   |
|0      |0    |6.3353515267111E-4   |
|0      |535    |6.276339340834166E-4   |
|0      |535    |6.276339340834166E-4   |
|0      |535    |6.276339340834166E-4   |
|0      |535    |6.276339340834166E-4   |
|0      |535    |6.276339340834166E-4   |
|0      |535    |6.276339340834166E-4   |
|0      |535    |6.276339340834166E-4   |
|0      |535    |6.276339340834166E-4   |
|0      |535    |6.276339340834166E-4   |
|0      |535    |6.276339340834166E-4   |
|0      |535    |6.276339340834166E-4   |
|0      |535    |6.276339340834166E-4   |
|0      |535    |6.276339340834166E-4   |
|0      |535    |6.276339340834166E-4   |
|0      |535    |6.276339340834166E-4   |
|0      |535    |6.276339340834166E-4   |
|0      |535    |6.276339340834166E-4   |
|0      |535    |6.276339340834166E-4   |
No Edges | No elitism | All 20 children from 3 parent crossover | 
======================================================================

|Iteration    |Turbine Count     |Fitness Value
|0      |0    |6.320416974665743E-4   |
|0      |0    |6.320416974665743E-4   |
|0      |535    |6.282840431284453E-4   |
|0      |535    |6.282840431284453E-4   |
|0      |535    |6.282840431284453E-4   |
|0      |535    |6.282840431284453E-4   |
|0      |535    |6.282840431284453E-4   |
|0      |535    |6.282840431284453E-4   |
|0      |535    |6.282840431284453E-4   |
|0      |535    |6.282840431284453E-4   |
|0      |535    |6.282840431284453E-4   |
|0      |535    |6.282840431284453E-4   |
|0      |535    |6.282840431284453E-4   |
|0      |535    |6.282840431284453E-4   |
|0      |535    |6.282840431284453E-4   |
|0      |535    |6.282840431284453E-4   |
|0      |535    |6.282840431284453E-4   |
|0      |535    |6.282840431284453E-4   |
|0      |535    |6.282840431284453E-4   |
|0      |535    |6.282840431284453E-4   |
|0      |535    |6.282840431284453E-4   |
|0      |0    |6.309753957492773E-4   |
|0      |0    |6.309753957492773E-4   |
|0      |569    |6.208427735794816E-4   |
|0      |569    |6.208427735794816E-4   |
|0      |569    |6.208427735794816E-4   |
|0      |569    |6.208427735794816E-4   |
|0      |569    |6.208427735794816E-4   |
|0      |569    |6.208427735794816E-4   |
|0      |569    |6.208427735794816E-4   |
|0      |569    |6.208427735794816E-4   |
|0      |569    |6.208427735794816E-4   |
|0      |569    |6.208427735794816E-4   |
|0      |569    |6.208427735794816E-4   |
|0      |569    |6.208427735794816E-4   |
|0      |569    |6.208427735794816E-4   |
|0      |569    |6.208427735794816E-4   |
|0      |569    |6.208427735794816E-4   |
|0      |569    |6.208427735794816E-4   |
|0      |569    |6.208427735794816E-4   |
|0      |569    |6.208427735794816E-4   |
|0      |569    |6.208427735794816E-4   |
No Edges | No elitism | All 20 children from 3 parent crossover | 
======================================================================

|Iteration    |Turbine Count     |Fitness Value
|0      |0    |6.340244993977404E-4   |
|0      |0    |6.340244993977404E-4   |
|0      |562    |6.215451312497344E-4   |
|0      |562    |6.215451312497344E-4   |
|0      |562    |6.215451312497344E-4   |
|0      |562    |6.215451312497344E-4   |
|0      |562    |6.215451312497344E-4   |
|0      |562    |6.215451312497344E-4   |
|0      |562    |6.215451312497344E-4   |
|0      |562    |6.215451312497344E-4   |
|0      |562    |6.215451312497344E-4   |
|0      |562    |6.215451312497344E-4   |
|0      |562    |6.215451312497344E-4   |
|0      |562    |6.215451312497344E-4   |
|0      |562    |6.215451312497344E-4   |
|0      |562    |6.215451312497344E-4   |
|0      |562    |6.215451312497344E-4   |
|0      |562    |6.215451312497344E-4   |
|0      |562    |6.215451312497344E-4   |
|0      |562    |6.215451312497344E-4   |
|0      |562    |6.215451312497344E-4   |
No Edges | No elitism | All 20 children from 3 parent crossover | 
======================================================================

|Iteration    |Turbine Count     |Fitness Value
|0      |0    |6.350641160614803E-4   |
|0      |0    |6.350641160614803E-4   |
|0      |530    |6.306940711685552E-4   |
|0      |530    |6.306940711685552E-4   |
|0      |547    |6.29058752640074E-4   |
|0      |547    |6.29058752640074E-4   |
|0      |529    |6.28518170481676E-4   |
|0      |529    |6.28518170481676E-4   |
|0      |529    |6.28518170481676E-4   |
|0      |529    |6.28518170481676E-4   |
|0      |529    |6.28518170481676E-4   |
|0      |529    |6.28518170481676E-4   |
|0      |529    |6.28518170481676E-4   |
|0      |529    |6.28518170481676E-4   |
|0      |529    |6.28518170481676E-4   |
|0      |529    |6.28518170481676E-4   |
|0      |529    |6.28518170481676E-4   |
|0      |529    |6.28518170481676E-4   |
|0      |529    |6.28518170481676E-4   |
|0      |529    |6.28518170481676E-4   |
|0      |529    |6.28518170481676E-4   |
No Edges | No elitism | All 20 children from 3 parent crossover | 
======================================================================

|Iteration    |Turbine Count     |Fitness Value
|0      |0    |6.374226597438545E-4   |
|0      |0    |6.374226597438545E-4   |
|0      |0    |6.374226597438545E-4   |
|0      |0    |6.374226597438545E-4   |
|0      |0    |6.374226597438545E-4   |
|0      |507    |6.340284184392448E-4   |
|0      |528    |6.327772321368959E-4   |
|0      |527    |6.325560195320379E-4   |
|0      |527    |6.325560195320379E-4   |
|0      |527    |6.325560195320379E-4   |
|0      |527    |6.325560195320379E-4   |
|0      |527    |6.325560195320379E-4   |
|0      |535    |6.282641074113924E-4   |
|0      |535    |6.282641074113924E-4   |
|0      |535    |6.282641074113924E-4   |
|0      |535    |6.282641074113924E-4   |
|0      |535    |6.282641074113924E-4   |
|0      |535    |6.282641074113924E-4   |
|0      |535    |6.282641074113924E-4   |
|0      |535    |6.282641074113924E-4   |
|0      |535    |6.282641074113924E-4   |
|0      |0    |6.245103442080345E-4   |
|0      |0    |6.245103442080345E-4   |
|0      |564    |6.213370729759781E-4   |
|0      |588    |6.187806932244152E-4   |
|0      |588    |6.187806932244152E-4   |
|0      |588    |6.187806932244152E-4   |
|0      |588    |6.187806932244152E-4   |
|0      |588    |6.187806932244152E-4   |
|0      |588    |6.187806932244152E-4   |
|0      |588    |6.187806932244152E-4   |
|0      |588    |6.187806932244152E-4   |
|0      |588    |6.187806932244152E-4   |
|0      |588    |6.187806932244152E-4   |
|0      |588    |6.187806932244152E-4   |
|0      |588    |6.187806932244152E-4   |
|0      |588    |6.187806932244152E-4   |
|0      |588    |6.187806932244152E-4   |
|0      |588    |6.187806932244152E-4   |
|0      |588    |6.187806932244152E-4   |
|0      |588    |6.187806932244152E-4   |
|0      |588    |6.187806932244152E-4   |
|0      |0    |6.166707540002147E-4   |
|0      |0    |6.166707540002147E-4   |
|0      |599    |6.145678708816309E-4   |
|0      |599    |6.145678708816309E-4   |
|0      |599    |6.145678708816309E-4   |
|0      |599    |6.145678708816309E-4   |
|0      |599    |6.145678708816309E-4   |
|0      |599    |6.145678708816309E-4   |
|0      |599    |6.145678708816309E-4   |
|0      |599    |6.145678708816309E-4   |
|0      |599    |6.145678708816309E-4   |
|0      |599    |6.145678708816309E-4   |
|0      |599    |6.145678708816309E-4   |
|0      |599    |6.145678708816309E-4   |
|0      |599    |6.145678708816309E-4   |
|0      |599    |6.145678708816309E-4   |
|0      |599    |6.145678708816309E-4   |
|0      |599    |6.145678708816309E-4   |
|0      |599    |6.145678708816309E-4   |
|0      |599    |6.145678708816309E-4   |
|1      |599    |6.145678708816309E-4   |
|0      |0    |6.135341786134976E-4   |
|0      |0    |6.135341786134976E-4   |
|0      |0    |6.135341786134976E-4   |
|0      |0    |6.135341786134976E-4   |
|0      |0    |6.135341786134976E-4   |
|0      |0    |6.135341786134976E-4   |
|0      |0    |6.135341786134976E-4   |
|0      |0    |6.135341786134976E-4   |
|0      |0    |6.135341786134976E-4   |
|0      |0    |6.135341786134976E-4   |
|0      |0    |6.135341786134976E-4   |
|0      |0    |6.135341786134976E-4   |
|0      |0    |6.135341786134976E-4   |
|0      |0    |6.135341786134976E-4   |
|0      |0    |6.135341786134976E-4   |
|0      |0    |6.135341786134976E-4   |
|0      |0    |6.135341786134976E-4   |
|0      |0    |6.135341786134976E-4   |
|0      |0    |6.135341786134976E-4   |
|0      |0    |6.135341786134976E-4   |
|2      |0    |6.135341786134976E-4   |
|0      |0    |6.170269537417387E-4   |
|0      |0    |6.170269537417387E-4   |
|0      |607    |6.165704862544021E-4   |
|0      |613    |6.149025518243465E-4   |
|0      |620    |6.135852905797498E-4   |
|0      |620    |6.135852905797498E-4   |
|0      |624    |6.117073694258334E-4   |
|0      |624    |6.117073694258334E-4   |
|0      |624    |6.117073694258334E-4   |
|0      |624    |6.117073694258334E-4   |
|0      |624    |6.117073694258334E-4   |
|0      |624    |6.117073694258334E-4   |
|0      |624    |6.117073694258334E-4   |
|0      |624    |6.117073694258334E-4   |
|0      |624    |6.117073694258334E-4   |
|0      |624    |6.117073694258334E-4   |
|0      |624    |6.117073694258334E-4   |
|0      |624    |6.117073694258334E-4   |
|0      |624    |6.117073694258334E-4   |
|0      |624    |6.117073694258334E-4   |
|3      |624    |6.117073694258334E-4   |
|0      |0    |6.144126132237752E-4   |
|0      |0    |6.144126132237752E-4   |
|0      |621    |6.124886745978565E-4   |
|0      |628    |6.107414377433479E-4   |
|0      |628    |6.107414377433479E-4   |
|0      |628    |6.107414377433479E-4   |
|0      |628    |6.107414377433479E-4   |
|0      |628    |6.107414377433479E-4   |
|0      |628    |6.107414377433479E-4   |
|0      |628    |6.107414377433479E-4   |
|0      |629    |6.0996346638778E-4   |
|0      |629    |6.0996346638778E-4   |
|0      |629    |6.0996346638778E-4   |
|0      |629    |6.0996346638778E-4   |
|0      |629    |6.0996346638778E-4   |
|0      |629    |6.0996346638778E-4   |
|0      |629    |6.0996346638778E-4   |
|0      |629    |6.0996346638778E-4   |
|0      |629    |6.0996346638778E-4   |
|0      |629    |6.0996346638778E-4   |
|4      |629    |6.0996346638778E-4   |
|0      |0    |6.155319238669763E-4   |
|0      |0    |6.155319238669763E-4   |
|0      |633    |6.140908631338196E-4   |
|0      |626    |6.111669897854469E-4   |
|0      |629    |6.099653191519669E-4   |
|0      |629    |6.099653191519669E-4   |
|0      |647    |6.096128331990378E-4   |
|0      |647    |6.096128331990378E-4   |
|0      |647    |6.096128331990378E-4   |
|0      |650    |6.087330638818278E-4   |
|0      |650    |6.087330638818278E-4   |
|0      |650    |6.087330638818278E-4   |
|0      |650    |6.087330638818278E-4   |
|0      |650    |6.087330638818278E-4   |
|0      |650    |6.087330638818278E-4   |
|0      |650    |6.087330638818278E-4   |
|0      |650    |6.087330638818278E-4   |
|0      |650    |6.087330638818278E-4   |
|0      |650    |6.087330638818278E-4   |
|0      |650    |6.087330638818278E-4   |
|5      |650    |6.087330638818278E-4   |
|0      |0    |6.119650540171687E-4   |
|0      |0    |6.119650540171687E-4   |
|0      |647    |6.100223504898975E-4   |
|0      |651    |6.087180884961948E-4   |
|0      |651    |6.087180884961948E-4   |
|0      |651    |6.087180884961948E-4   |
|0      |650    |6.087034279866706E-4   |
|0      |654    |6.078174328925574E-4   |
|0      |654    |6.078174328925574E-4   |
|0      |654    |6.078174328925574E-4   |
|0      |654    |6.078174328925574E-4   |
|0      |654    |6.078174328925574E-4   |
|0      |654    |6.078174328925574E-4   |
|0      |655    |6.077177633437838E-4   |
|0      |655    |6.077177633437838E-4   |
|0      |655    |6.077177633437838E-4   |
|0      |655    |6.077177633437838E-4   |
|0      |655    |6.077177633437838E-4   |
|0      |655    |6.077177633437838E-4   |
|0      |655    |6.077177633437838E-4   |
|6      |655    |6.077177633437838E-4   |
|0      |0    |6.075757895920786E-4   |
|0      |0    |6.075757895920786E-4   |
|0      |0    |6.075757895920786E-4   |
|0      |0    |6.075757895920786E-4   |
|0      |677    |6.065724517544321E-4   |
|0      |677    |6.065724517544321E-4   |
|0      |677    |6.065724517544321E-4   |
|0      |677    |6.065724517544321E-4   |
|0      |677    |6.065724517544321E-4   |
|0      |677    |6.065724517544321E-4   |
|0      |677    |6.065724517544321E-4   |
|0      |677    |6.065724517544321E-4   |
|0      |677    |6.065724517544321E-4   |
|0      |677    |6.065724517544321E-4   |
|0      |677    |6.065724517544321E-4   |
|0      |0    |6.31751292389253E-4   |
|0      |0    |6.31751292389253E-4   |
|0      |0    |6.31751292389253E-4   |
|0      |0    |6.31751292389253E-4   |
|0      |0    |6.31751292389253E-4   |
|0      |0    |6.31751292389253E-4   |
|0      |0    |6.31751292389253E-4   |
|0      |0    |6.31751292389253E-4   |
|0      |0    |6.31751292389253E-4   |
|0      |534    |6.297241682573756E-4   |
